0.64 0.672
0.743 0.752
0.877 0.545
0.86 0.642
0.773 0.765
0.835 0.624
0.632 0.671
0.813 0.781
0.822 0.769
0.643 0.762
0.751   1
  1 0.819
0.826 0.68
0.852 0.755
0.793 0.869
0.632 0.935
0.564 0.82
0.73 0.67
0.645 0.82
0.605 0.808
0.725 0.804
0.777 0.745
0.944 0.728
0.696 0.76
0.746 0.689
0.977 0.811
0.643 0.745
0.761 0.886
0.713 0.826
0.859 0.773
0.748 0.886
0.854 0.839
0.776 0.785
0.807 0.657
0.584 0.887
0.67 0.737
0.616 0.714
0.599 0.753
0.821 0.859
0.834 0.762
0.725 0.634
0.647 0.721
0.834 0.668
0.905 0.722
0.802 0.622
0.662 0.786
0.697 0.715
0.802 0.66
0.743 0.691
0.832 0.88
0.648 0.628
0.879 0.8
0.711 0.767
0.673 0.628
0.63 0.754
0.816 0.655
0.707 0.836
0.713 0.807
0.703 0.738
0.642 0.649
0.673 0.697
0.727 0.699
0.937 0.785
0.703 0.878
0.811 0.828
0.651 0.704
0.818 0.557
0.82 0.675
0.803 0.786
0.772 0.641
0.57 0.75
0.725 0.901
0.793 0.917
0.572 0.768
0.699 0.931
0.848 0.808
0.741 0.823
0.862 0.807
0.707 0.7
0.851 0.77
0.752 0.803
0.8 0.871
0.605 0.487
0.602 0.663
0.783 0.892
0.705 0.817
0.57 0.772
0.696 0.804
0.705 0.871
0.659 0.653
0.623 0.792
0.758 0.557
0.769 0.764
0.664 0.76
0.859 0.879
0.693 0.675
0.556 0.806
0.74 0.848
0.812 0.678
0.564 0.782
0.91 0.755
0.711 0.732
0.662 0.699
0.764 0.682
0.688 0.63
0.825 0.703
0.86 0.655
0.778 0.745
0.737 0.91
0.581 0.72
0.552 0.417
0.507 0.343
0.586 0.486
0.462 0.577
0.453 0.379
0.449 0.494
0.351 0.588
0.649 0.435
0.332 0.477
0.451 0.432
0.429 0.348
0.469 0.361
0.331 0.317
0.534 0.426
0.459 0.627
0.442 0.467
0.593 0.61
0.524 0.351
0.62 0.392
0.583 0.62
0.412 0.304
0.439 0.309
0.577 0.647
0.424 0.544
0.456 0.467
0.421 0.449
0.501 0.557
0.561 0.509
0.407 0.52
0.416 0.59
0.55 0.575
0.619 0.467
0.55 0.305
0.337 0.583
0.456 0.34
0.491 0.188
0.469 0.482
0.414 0.458
0.301 0.383
0.573 0.458
0.56 0.585
0.529 0.478
0.428 0.413
0.342 0.454
0.516 0.273
0.384 0.29
0.441 0.333
0.577 0.326
0.551 0.669
0.432 0.501
0.496 0.544
0.402 0.413
0.391 0.368
0.444 0.524
0.344 0.485
0.636 0.399
0.509 0.259
0.393 0.657
0.462 0.65
0.551 0.333
0.447 0.571
0.441 0.413
0.534 0.379
0.598 0.337
0.542 0.396
0.475 0.46
0.511 0.296
0.465 0.455
0.421 0.286
0.402 0.425
0.391 0.345
0.385 0.571
0.464 0.371
0.317 0.42
0.451 0.487
0.324 0.422
0.438 0.384
0.378 0.262
0.476 0.403
0.552 0.56
0.308 0.486
0.394 0.324
0.394 0.541
0.42 0.429
0.445 0.519
0.377 0.458
0.439 0.205
0.554 0.334
0.476 0.606
0.417 0.423
0.491 0.38
0.512 0.471
0.3 0.502
0.446 0.368
0.645 0.474
0.468 0.313
0.479 0.373
0.607 0.379
0.352 0.462
0.541 0.639
0.434 0.504
0.485 0.35
0.518 0.271
0.443 0.363
0.404 0.596
0.521 0.496
0.451 0.332
0.473 0.579
0.517 0.356
0.545 0.439
0.123 0.239
0.186 0.173
0.124 0.257
0.119 0.206
0.119 0.111
0.374 0.155
0.00328 0.139
0.281 0.146
0.145 0.224
0.238 0.258
0.282 0.137
0.0527 0.0789
0.255 0.13
0.164 0.3
0.0928 0.326
0.184 0.0921
0.179 0.274
0.216 0.191
0.224 0.142
0.159 0.267
0.256 0.0953
0.216 0.0966
0.304 0.198
0.318   0
0.142 0.154
0.162 0.1
0.285 0.0548
0.373 0.147
0.306 0.242
0.187 0.205
0.207 0.462
0.335 0.22
0.0843 0.146
0.165 0.31
0.115 0.301
0.315 0.141
0.0726 0.225
0.139 0.117
0.193 0.199
0.218 0.204
0.151 0.453
0.0941 0.307
0.157 0.116
0.157 0.0892
0.0786 0.164
0.0645 0.272
0.206 0.429
0.251 0.174
0.236 0.22
0.187 0.0748
0.13 0.361
0.0351 0.298
0.0947 0.328
0.13 0.313
0.16 0.0239
0.21 0.353
0.208 0.231
0.262 0.175
0.219 0.191
0.0588 0.349
0.259 0.433
0.0879 0.342
0.143 0.423
0.119 0.182
0.244 0.0815
0.0241 0.198
0.24 0.127
0.117 0.124
0.106 0.199
0.0618 0.0842
0.108 0.145
0.0706 0.226
0.1 0.249
0.291 0.157
0.166 0.211
0.0857 0.235
0.291 0.201
0.239 0.31
0.218 0.145
0.133 0.284
0.245 0.392
0.124 0.409
0.111 0.184
0.127 0.289
0.141 0.138
0.232 0.286
0.266 0.0668
  0 0.0614
0.141 0.144
0.051 0.0502
0.294 0.289
0.331 0.245
0.124 0.339
0.264 0.27
0.235 0.305
0.22 0.137
0.269 0.327
0.253 0.235
0.206 0.171
0.118 0.355
0.324 0.314
0.0933 0.219
0.178 0.266
0.154 0.2
0.278 0.151
0.295 0.26
0.305 0.21
0.316 0.198
0.0568 0.275
0.22 0.189
