1.27 1.92 1
1.49 2.9 1
-0.483 2.18 1
-0.0203 2.29 1
0.553 2.11 1
1.11 2.44 1
2.13 2.1 1
0.71 4.79 1
2.26 0.833 1
1.48 0.146 1
2.17 0.859 1
1.13 0.907 1
0.343 1.57 1
-0.481 1.83 1
1.16 1.78 1
1.82 2.54 1
0.707 2.39 1
0.459 2.75 1
0.691 3.78 1
-0.0966 3.22 1
0.507 0.717 1
0.819 -0.329 1
1.05 2.9 1
0.936 0.164 1
1.61 2.07 1
1.11 2.04 1
2.81 4.23 1
1.31 1.93 1
2.8 1.49 1
0.277 2.24 1
1.53 2.25 1
0.74 2.07 1
1.6 1.39 1
1.59 0.777 1
-1.19 2.32 1
-0.327 0.657 1
-0.441 0.968 1
1.4 3.33 1
2.47 1.58 1
0.673 1.86 1
1.81 2.9 1
1.55 1.7 1
-0.0516 3.03 1
1.4 1.65 1
0.248 3.01 1
2.52 2.63 1
0.967 1.79 1
2.64 1.13 1
0.575 0.957 1
1.59 1.73 1
0.937 1.56 1
-1.02 1.59 1
0.0179 2.98 1
1.61 1.7 1
0.945 3.14 1
-0.119 1.47 1
0.374 2.97 1
1.25 1.48 1
0.00698 2.18 1
1.97 2.97 1
0.359 1.59 1
2.81 1.56 1
-0.0799   4 1
1.2 2.95 1
-0.521 1.57 1
0.276 2.65 1
0.407 1.64 1
1.4 2.71 1
1.94 3.42 1
1.3 0.395 1
0.627 3.03 1
1.82 3.46 1
1.8 2.05 1
1.12 3.75 1
1.57 2.16 1
1.41 0.763 1
0.013 -0.193 1
1.76 1.67 1
0.343 2.71 1
0.396 2.32 1
1.18 2.41 1
0.692 1.42 1
0.868 2.14 1
1.6 0.361 1
2.05 1.24 1
0.802 1.18 1
1.33 2.52 1
0.762 1.99 1
1.23 0.844 1
1.44 1.99 1
0.383 1.31 1
1.27 1.33 1
1.6 2.86 1
1.09 2.11 1
2.73 2.4 1
0.391 2.88 1
0.263 2.18 1
-0.75 2.55 1
1.91 2.68 1
1.87 3.17 1
5.48 6.91 2
6.41 5.12 2
5.02 6.05 2
4.95 4.77 2
6.7 4.84 2
4.49 5.69 2
  5 5.56 2
5.92 3.88 2
5.15 3.47 2
6.4 3.9 2
6.03 3.58 2
5.29 5.06 2
4.22 4.59 2
5.57 4.63 2
3.62 3.64 2
5.24 5.78 2
5.81 5.44 2
5.21 4.91 2
5.88 6.02 2
7.04 4.13 2
5.92 5.41 2
5.27 5.35 2
5.64 5.35 2
5.43 4.27 2
3.69 5.33 2
4.58 4.49 2
6.22 4.1 2
4.96 3.8 2
5.58 6.04 2
3.99 4.15 2
5.06 4.83 2
5.6 3.79 2
3.64 4.7 2
5.35 1.77 2
4.82 3.91 2
4.06 3.57 2
4.96 3.99 2
3.1 4.79 2
2.87 4.67 2
3.82 6.94 2
4.01 4.43 2
3.83 4.75 2
3.27 3.43 2
5.29 4.52 2
3.41 3.66 2
5.11 5.03 2
5.79 5.85 2
  5 5.4 2
5.09 4.3 2
4.62 3.37 2
3.52 6.46 2
4.96 7.05 2
5.96 5.12 2
6.74 4.01 2
4.57 6.2 2
3.37 4.41 2
5.17 4.53 2
5.38 5.89 2
4.77 3.61 2
3.85 3.04 2
7.02 5.42 2
2.64 5.4 2
4.49 5.1 2
3.68 5.5 2
4.36 6.08 2
5.32 5.97 2
5.14 4.43 2
4.29 5.81 2
5.78 5.17 2
5.62 4.49 2
5.65 3.81 2
4.57 5.65 2
6.05 4.65 2
5.66 5.05 2
7.51 4.21 2
6.06 3.45 2
6.16 5.17 2
5.05 4.94 2
3.71 6.2 2
4.63 5.8 2
4.24 6.05 2
4.44 4.25 2
5.56 4.06 2
4.44 3.73 2
4.1 5.5 2
4.59 7.79 2
4.84 5.73 2
5.41 4.23 2
4.05 5.84 2
5.32 3.87 2
5.08 3.58 2
6.32 5.72 2
4.79 4.22 2
4.87 5.32 2
3.83 6.41 2
3.61 5.4 2
5.31 5.93 2
4.75 3.39 2
5.5 5.66 2
4.11 7.14 2
