4.85 4.28 1
1.85 3.52 1
2.65 4.74 1
2.15 3.27 1
1.35 3.28 1
1.18   3 1
0.994 3.87 1
3.01 3.5 1
1.44 3.45 1
1.03 4.93 1
1.83 5.29 1
1.32 3.65 1
1.89 5.91 1
0.132 4.85 1
0.804 5.73 1
2.06 2.99 1
1.23 3.5 1
1.36 4.94 1
3.85 4.67 1
3.28 5.35 1
1.78 4.34 1
0.796 4.36 1
1.06 3.68 1
4.21 3.45 1
1.87 4.64 1
2.27 4.19 1
2.03 3.96 1
3.13 4.5 1
1.23 3.25 1
1.26 2.99 1
0.212 4.66 1
0.473 4.28 1
2.27 2.24 1
1.91 3.25 1
2.77   2 1
1.49 4.68 1
2.46 4.47 1
2.75 4.15 1
3.93 4.48 1
1.91 3.33 1
1.82 3.52 1
2.09 4.05 1
2.07 5.07 1
1.83 4.55 1
3.88 3.95 1
3.24 5.12 1
1.48 3.95 1
2.83 3.41 1
3.24 4.91 1
1.07 4.32 1
0.927 2.9 1
1.65 2.91 1
2.23 3.27 1
2.12 4.9 1
1.9 4.6 1
2.2 4.06 1
1.05 3.82 1
1.12 4.19 1
2.35 5.35 1
1.8 4.75 1
1.58 3.46 1
0.287 3.82 1
2.21 4.54 1
2.38 3.62 1
0.607 5.13 1
1.8 4.35 1
1.97 5.43 1
2.81 3.76 1
1.26 3.6 1
1.36   6 1
1.18 2.43 1
0.219 3.25 1
2.06 4.84 1
2.31 5.3 1
1.2 2.83 1
1.05 4.82 1
0.82 4.8 1
1.8 5.33 1
3.07 4.77 1
-0.828 4.36 1
-0.267 3.19 1
3.04 5.3 1
1.28 4.74 1
1.94 3.07 1
3.18 4.64 1
3.52 3.26 1
2.03 2.68 1
2.66 3.56 1
2.19 4.05 1
2.47 5.18 1
1.63 3.78 1
0.494 4.12 1
2.57 4.35 1
2.63 2.83 1
1.6 3.7 1
1.43 3.67 1
0.546 3.28 1
1.46 2.81 1
1.4 2.89 1
1.62 3.66 1
3.65 3.35 1
2.35 5.46 1
1.6 3.28 1
2.3 4.03 1
2.29 3.63 1
3.16 5.59 1
2.87 5.44 1
2.99 3.44 1
2.16 4.72 1
2.36 3.36 1
3.06 4.92 1
2.09 6.16 1
0.44 3.65 1
2.17 3.22 1
1.06 2.79 1
1.92 5.14 1
1.52 4.57 1
1.31 4.84 1
3.13 3.77 1
1.62 3.1 1
  2 3.41 1
2.07 3.38 1
0.57 3.11 1
3.17 4.01 1
1.85 3.72 1
2.8 5.1 1
2.27 3.51 1
3.13 4.8 1
1.26 2.99 1
0.281 5.92 1
1.49 4.17 1
1.36 3.97 1
0.785 3.6 1
3.14 3.46 1
2.94 3.51 1
2.82 3.65 1
0.183 5.29 1
0.265 4.54 1
3.56 4.01 1
2.08 2.99 1
2.52 2.3 1
1.66 5.82 1
0.285 3.85 1
1.94 3.86 1
1.73 2.87 1
4.68 4.61 1
0.845 3.09 1
1.62 4.88 1
1.03 1.64 1
3.98 4.42 1
2.71 4.18 1
0.783 4.5 1
2.32 3.67 1
0.711 1.59 1
1.68 3.04 1
5.04 6.72 1
2.34 4.98 1
0.923 3.2 1
2.24 4.48 1
1.33 4.47 1
0.978 1.53 1
1.07 3.68 1
2.12 1.97 1
2.77 5.16 1
1.93 4.95 1
0.707 5.49 1
1.24 6.04 1
3.77 4.08 1
1.34 3.47 1
1.55 4.3 1
3.26 4.22 1
0.672 3.83 1
2.71 3.82 1
1.56 2.98 1
1.28 4.05 1
2.96 2.65 1
2.14 4.26 1
2.33 4.62 1
2.34 4.67 1
2.22 4.9 1
1.14 4.53 1
0.841 4.88 1
2.52 3.99 1
1.46 3.62 1
3.68 5.4 1
1.7 2.16 1
2.38 2.89 1
3.88 3.2 1
1.95 4.59 1
2.36 2.63 1
1.81 3.96 1
3.53 4.5 1
2.26 3.67 1
3.16 4.68 1
1.64 4.64 1
0.387 6.39 1
1.97 2.59 1
3.2 3.46 1
2.76 4.98 1
1.78 3.85 1
  2 3.74 1
1.07 3.29 1
2.7 5.17 1
1.19 4.77 1
2.33 4.87 1
0.867 4.2 1
2.09 2.21 1
3.58 6.13 1
2.12 3.2 1
2.41 4.56 1
1.73 5.59 1
0.74 4.15 1
3.29 3.88 1
3.49 4.71 1
2.35 3.66 1
2.38 3.28 1
2.33 1.78 1
0.608 3.79 1
2.13 4.15 1
2.73 5.51 1
0.768 4.69 1
3.1 5.04 1
1.13 3.78 1
1.9 5.39 1
1.13 4.92 1
1.67 3.65 1
2.96 4.09 1
1.1 2.55 1
2.43 3.14 1
1.8 4.36 1
2.21 3.19 1
1.58 3.8 1
3.22 5.23 1
3.52 3.3 1
2.06 3.89 1
0.0698 2.92 1
2.06 4.73 1
3.38 4.55 1
2.16 2.5 1
1.64 3.14 1
1.9 3.45 1
 -1 1.35 1
1.78 2.73 1
1.54 3.21 1
1.61 4.55 1
1.94 3.77 1
0.614 2.86 1
0.414 3.74 1
2.59 4.74 1
1.31 3.87 1
1.51 2.68 1
2.71 7.01 1
1.68 4.25 1
2.7 5.52 1
2.24 6.69 1
1.69 5.24 1
1.89 3.89 1
1.01 1.95 1
2.62 2.46 1
3.02 3.53 1
2.7 4.15 1
2.37 5.82 1
1.3 6.4 1
0.345 4.86 1
1.49 2.75 1
3.24 3.8 1
2.62 6.23 1
1.57 4.02 1
1.03 3.94 1
0.951 3.01 1
1.1 4.34 1
1.75 3.46 1
1.61 4.44 1
1.19 5.14 1
0.895 5.77 1
1.93 3.98 1
2.21 6.46 1
1.82 5.81 1
0.156 3.15 1
0.353 5.67 1
2.41 4.49 1
1.63 3.08 1
0.879 5.27 1
4.4 4.95 1
3.1 4.59 1
2.63 4.11 1
1.98 2.93 1
1.86 6.41 1
4.1 5.29 1
1.07 5.7 1
2.83 4.49 1
2.52 3.59 1
2.61 5.19 1
1.91 2.62 1
3.8 4.46 1
3.09 3.28 1
0.474 4.03 1
2.32 4.67 1
2.58 4.93 1
1.83 3.65 1
2.19 3.7 1
3.3 1.48 1
2.22 2.53 1
3.7 6.07 1
1.1 4.36 1
1.54 4.56 1
1.74 2.73 1
2.47 3.59 1
2.41 1.98 1
2.94 2.4 1
2.6 2.46 1
2.32 2.09 1
2.7 2.6 1
3.34 2.75 1
2.81 3.21 1
0.367 5.23 1
1.12   6 1
0.0724 3.21 1
3.89 4.29 1
1.66 3.83 1
1.92 2.82 1
0.224 2.97 1
1.23 2.12 1
2.95 4.88 1
0.923 3.97 1
3.75 5.08 1
0.514 3.25 1
0.76 3.59 1
2.43 4.53 1
0.478 3.98 1
-0.472 5.44 1
2.5 3.13 1
0.801 5.49 1
1.5 3.67 1
1.51 3.85 1
3.24 3.55 1
2.15 3.46 1
2.06 5.68 1
2.18 3.2 1
-0.053 5.28 1
1.39 3.86 1
2.06 3.93 1
1.62 4.15 1
1.3 3.93 1
2.11 2.67 1
-0.526   3 1
-0.0978 4.44 1
1.77 3.72 1
0.223 4.18 1
1.38 4.68 1
1.5 4.15 1
1.66 3.57 1
2.28 3.92 1
2.07 5.36 1
2.8 4.67 1
1.84 4.8 1
3.09 4.91 1
2.82 4.96 1
2.22 3.23 1
3.94 6.49 1
1.9 3.85 1
2.49 4.04 1
2.12 2.5 1
3.32 5.09 1
0.702 4.57 1
1.1 4.19 1
1.69 4.62 1
1.87 4.87 1
1.81 4.36 1
1.51 1.47 1
1.15 3.89 1
0.473 3.83 1
0.378 4.44 1
2.78 3.7 1
-0.093 4.14 1
2.31 4.1 1
2.07 3.83 1
2.46 4.68 1
0.927 4.08 1
2.24 4.88 1
2.01 3.41 1
2.82 5.59 1
1.4 3.15 1
3.86 3.71 1
3.07 2.52 1
2.19 3.35 1
2.03 5.27 1
1.05 4.47 1
2.61 3.04 1
2.55 4.51 1
2.85 3.28 1
1.98 1.89 1
2.91 3.46 1
1.39 5.99 1
0.438 4.22 1
0.981 2.02 1
3.48 4.71 1
2.65 5.96 1
0.752 3.96 1
1.75 3.85 1
2.34 4.61 1
1.73 3.17 1
3.57 4.31 1
1.95 6.56 1
1.68 3.12 1
1.44 4.07 1
1.56 4.42 1
1.88 4.45 1
-0.0439 4.88 1
2.87 3.79 1
1.83 3.25 1
3.64 3.94 1
3.13 2.06 1
0.837 3.78 1
2.56 6.23 1
0.929 3.44 1
0.962 4.37 1
1.64 4.52 1
0.534 4.41 1
0.86 4.08 1
2.15 3.35 1
0.703 4.37 1
0.413 4.26 1
3.42 4.17 1
3.04 4.62 1
3.13 3.83 1
2.53 2.81 1
1.93 3.23 1
3.32 4.71 1
3.67 5.05 1
1.48 3.36 1
4.03 2.65 1
0.334 2.97 1
0.405 5.03 1
1.42 4.94 1
1.48 4.8 1
2.51 4.99 1
2.72 3.97 1
1.29 4.16 1
2.95 4.73 1
2.7 4.94 1
0.546 6.6 1
2.59 3.02 1
3.08 4.11 1
0.982 4.45 1
1.45 2.82 1
  3 2.49 1
4.2 4.17 1
1.65 3.28 1
1.68   4 1
2.53 3.03 1
1.74 3.9 1
1.14 4.1 1
0.751 1.73 1
0.341 4.77 1
3.87 1.94 1
2.41 4.26 1
2.32 4.02 1
2.34 4.24 1
1.2 5.56 1
2.53 2.43 1
3.19 3.3 1
0.372 3.22 1
2.36 5.58 1
2.17 5.34 1
2.3 4.72 1
1.99 2.41 1
2.4 3.53 1
0.895 4.54 1
2.5 4.36 1
2.19 3.34 1
1.64 5.54 1
2.49 3.41 1
1.47 4.4 1
1.53 6.04 1
2.45 5.77 1
1.57 3.8 1
0.45 4.77 1
0.396 5.72 1
1.21 3.03 1
3.87 4.99 1
4.3 5.91 1
1.93 5.03 1
0.445 5.27 1
2.01   4 1
2.69 2.69 1
4.57 3.26 1
3.73 5.58 1
1.6 4.07 1
0.802 4.85 1
1.51 2.96 1
0.867 2.19 1
3.33 1.9 1
1.58 4.29 1
1.82 1.82 1
1.13 5.46 1
2.66 5.17 1
1.08 4.31 1
2.73 5.05 1
  1 3.89 1
2.16 -0.291 2
3.87 2.35 2
3.32 2.45 2
5.27 1.62 2
4.35 2.63 2
4.41 2.32 2
3.63 0.613 2
3.11 0.772 2
4.28 3.18 2
3.56 2.46 2
5.39 1.68 2
3.63 0.954 2
3.2 2.26 2
3.78 2.25 2
5.08 0.148 2
3.43 2.94 2
3.9 2.06 2
2.52 2.33 2
4.12 0.679 2
3.62 3.65 2
3.55 2.84 2
4.14 1.17 2
4.03 1.8 2
  4 1.38 2
7.01 2.42 2
5.05 2.81 2
5.69 2.37 2
5.67 2.47 2
3.71 2.54 2
3.51 0.919 2
2.33 2.71 2
3.02 1.13 2
3.71 2.62 2
3.91 0.906 2
4.33 3.1 2
4.15 2.42 2
2.81 2.79 2
3.67 1.32 2
5.74 2.78 2
3.7 1.25 2
3.08 1.63 2
3.74 1.73 2
4.34 2.51 2
3.61 3.28 2
3.57 1.77 2
3.65 1.79 2
5.19 2.31 2
4.84 1.33 2
3.25 3.45 2
3.25 3.05 2
2.25 2.94 2
5.13 1.54 2
3.89 0.416 2
3.76 1.14 2
4.18 2.43 2
2.69 1.36 2
3.07 2.31 2
4.18 1.33 2
3.68 2.2 2
1.93 1.81 2
3.22 2.39 2
4.27 0.333 2
5.08 3.32 2
4.09 1.8 2
4.15 2.38 2
3.52 3.86 2
4.21 2.01 2
4.55 3.15 2
3.09 1.67 2
5.06 3.03 2
2.33 2.47 2
3.95 2.01 2
3.77 1.72 2
5.66 2.55 2
3.68 1.06 2
7.25 1.09 2
3.72 2.98 2
3.28 2.66 2
6.35 2.57 2
3.98 1.61 2
3.74 2.01 2
4.15 0.537 2
2.99 0.695 2
2.53 2.41 2
3.35 0.927 2
4.07 2.14 2
5.15 0.442 2
5.22 1.55 2
4.49 1.06 2
5.21 2.56 2
6.64 2.01 2
4.66 2.27 2
4.97 0.854 2
3.7 0.812 2
5.21 0.742 2
2.86 3.07 2
3.67 2.6 2
3.13 2.19 2
3.44 1.21 2
6.01 0.924 2
3.79 2.99 2
3.57 2.5 2
5.04 0.902 2
3.68 3.65 2
4.32 0.236 2
4.56 2.33 2
3.13 2.67 2
3.64 2.15 2
5.94 1.04 2
4.14 2.25 2
4.92 1.79 2
5.29 2.2 2
4.58 1.68 2
4.13 2.51 2
5.3 1.5 2
2.73 0.701 2
5.22 2.91 2
1.87 2.98 2
2.72 2.84 2
3.57 0.398 2
3.91 2.44 2
2.35 0.915 2
4.79 2.89 2
3.92 2.95 2
2.89 3.01 2
2.8 3.82 2
3.03 0.573 2
3.15 2.39 2
3.87 3.58 2
3.95 2.03 2
3.41 2.03 2
3.91 1.3 2
3.35 3.11 2
4.18 2.27 2
5.57 3.21 2
4.87 0.968 2
3.59 1.17 2
4.15 2.04 2
3.84 2.19 2
3.57 1.05 2
3.68 2.37 2
5.12 1.72 2
3.45 3.27 2
4.19 2.06 2
4.62 2.26 2
2.96 1.11 2
2.48 0.325 2
4.78 -0.325 2
4.39 4.01 2
3.46 2.6 2
5.14 3.49 2
4.32 1.85 2
3.59 0.438 2
3.55 0.862 2
3.49 0.818 2
2.89 -0.404 2
6.76 2.69 2
1.7 1.05 2
4.28 2.3 2
4.01 2.15 2
2.71 1.33 2
3.85 3.27 2
4.39 2.31 2
5.04 0.469 2
4.11 1.91 2
4.59 2.3 2
5.77 1.5 2
3.89 2.33 2
3.42 3.27 2
2.56 2.44 2
4.86 3.1 2
3.49 3.92 2
5.44 3.66 2
4.07 2.35 2
3.86 3.63 2
3.43 0.464 2
3.48 2.04 2
2.73 2.63 2
4.61 2.34 2
3.58 1.73 2
4.65 -0.107 2
2.29 2.04 2
4.35 0.75 2
3.08 1.38 2
2.42 2.83 2
3.76 1.15 2
4.62 2.84 2
5.04 1.23 2
5.24 3.95 2
3.62 3.05 2
3.03 0.886 2
7.06 2.74 2
3.45 4.27 2
3.29 -0.649 2
4.48 1.51 2
2.92 0.72 2
3.33 2.34 2
2.46 2.88 2
3.8 2.2 2
2.87 2.01 2
4.39 2.33 2
4.19 0.936 2
3.28 0.988 2
3.61 2.78 2
3.43 1.46 2
4.17 3.51 2
3.34 3.01 2
4.27 1.04 2
3.15 2.37 2
4.59 2.73 2
3.83 2.19 2
1.94 1.41 2
4.19 3.04 2
4.95 5.11 2
5.27 2.07 2
4.23 2.52 2
5.49 3.62 2
4.7 1.54 2
6.12 1.15 2
4.27 2.16 2
4.48 -0.171 2
4.44 1.15 2
4.56 1.1 2
4.84 3.02 2
5.07 1.49 2
3.01 1.1 2
2.7 1.49 2
5.34 1.44 2
4.97 3.23 2
3.15 1.64 2
3.95 1.02 2
5.86 2.72 2
2.84 2.4 2
4.33 2.77 2
2.61 1.4 2
4.17 0.634 2
4.31 2.27 2
3.82 1.95 2
4.95 1.95 2
3.86 1.53 2
5.19 2.35 2
5.1 2.09 2
3.72 1.82 2
4.26 1.64 2
4.21 -0.43 2
4.97 3.23 2
5.25 2.76 2
4.8 1.94 2
4.03 4.31 2
3.11 3.22 2
2.71 1.47 2
5.11 0.409 2
6.01 0.921 2
4.27 0.846 2
3.93 2.52 2
4.94 2.08 2
2.31 3.47 2
3.74 0.809 2
1.99 2.3 2
4.43 2.2 2
4.03 1.59 2
4.33 0.746 2
3.57 3.03 2
2.13 4.03 2
  5 2.88 2
3.34 2.67 2
4.18 0.792 2
4.96 2.61 2
4.58 3.5 2
3.17 2.88 2
3.74 2.15 2
3.78 1.71 2
  5 2.58 2
5.29 0.984 2
2.93 0.608 2
2.98 0.307 2
4.13 1.7 2
  4 1.16 2
4.2 3.2 2
2.95 1.83 2
2.65 2.83 2
3.92 -0.23 2
5.24 1.37 2
4.64 1.04 2
3.88 2.8 2
3.62 2.49 2
2.87 4.89 2
4.9 3.98 2
4.86 3.47 2
3.83 1.59 2
4.39 -0.713 2
4.27 2.59 2
4.93 1.93 2
5.65 1.71 2
2.23 3.69 2
3.69 -1.05 2
3.92 1.5 2
2.72 -0.0731 2
3.71 0.727 2
4.82 2.41 2
3.24   3 2
1.89 1.7 2
2.98 1.17 2
4.29 3.65 2
3.23 2.47 2
4.95 2.93 2
3.44 3.11 2
4.23 3.34 2
3.4 4.57 2
4.63 2.75 2
2.35 2.71 2
5.65 2.37 2
3.78 2.6 2
3.86 1.98 2
2.57 2.01 2
  4 2.24 2
3.93 -0.276 2
2.79 3.21 2
4.6 2.7 2
6.02 2.31 2
5.19 2.82 2
3.94 1.45 2
4.56 1.03 2
4.22 2.6 2
4.42 3.15 2
1.93 2.58 2
3.09 1.7 2
3.71 0.474 2
4.64 2.92 2
4.37 2.59 2
3.9 3.36 2
1.83 2.53 2
2.57 1.62 2
5.34 2.48 2
4.14 2.23 2
4.02 0.578 2
3.66 1.61 2
6.92 1.37 2
3.31 1.49 2
3.86 1.73 2
4.54 1.07 2
5.33 2.24 2
3.87 2.33 2
4.97 1.58 2
  5 1.59 2
4.26 3.86 2
2.68 3.41 2
4.81 0.919 2
4.1 2.61 2
5.56 1.52 2
3.16 1.62 2
  4 1.25 2
3.49 0.515 2
2.15 3.19 2
2.95 0.0697 2
2.04 1.88 2
5.7 2.23 2
4.24 0.341 2
4.6 2.84 2
4.21 2.2 2
5.12 1.82 2
5.52 1.48 2
3.59 1.7 2
3.03 2.64 2
5.11 0.117 2
6.25 2.46 2
3.78 0.568 2
3.24 1.89 2
4.33 3.11 2
3.06 3.04 2
3.22 1.11 2
4.68 2.31 2
3.78 0.722 2
4.53 1.93 2
3.5 3.27 2
4.59 0.136 2
4.34 3.74 2
4.52 2.73 2
5.18 0.673 2
4.88 3.78 2
2.46 2.65 2
5.83 2.9 2
2.75 2.3 2
2.23 1.96 2
4.96 3.16 2
3.22 0.853 2
2.1 0.292 2
3.96 1.8 2
5.84 1.95 2
4.9 0.999 2
4.69 2.23 2
2.93 2.7 2
3.19 2.97 2
4.92 3.31 2
5.33 1.83 2
5.12 1.53 2
4.56 1.86 2
2.98 1.59 2
3.81 1.91 2
5.23 3.02 2
5.42 1.91 2
4.4   2 2
4.11 0.576 2
4.35 1.08 2
3.53 3.96 2
4.87 1.55 2
4.24 -0.247 2
4.48 1.76 2
3.86 0.777 2
4.33 1.26 2
3.39 2.46 2
5.62 3.4 2
3.73 3.18 2
4.72 0.302 2
2.06 3.76 2
5.01 0.338 2
3.64 3.72 2
4.63 1.11 2
3.58 1.75 2
4.7 4.69 2
3.48 2.62 2
3.58 3.88 2
3.04 2.27 2
2.5 4.45 2
4.44 2.25 2
5.12 1.66 2
4.17 -0.135 2
3.35 3.33 2
2.86 2.5 2
3.03 1.75 2
5.79 3.7 2
4.11 3.72 2
2.92 1.01 2
2.89 1.7 2
3.26 0.69 2
3.79 2.95 2
6.04 1.73 2
4.05 2.35 2
2.76 1.55 2
3.28 2.93 2
3.02 2.24 2
5.36 2.38 2
6.04 3.32 2
5.56 1.84 2
3.66 -0.266 2
5.23 2.93 2
3.96 2.47 2
3.88 2.52 2
2.92 2.54 2
3.76 2.83 2
3.23 3.22 2
3.78 2.11 2
3.37 1.31 2
3.67 3.29 2
2.42 1.56 2
4.54 1.1 2
2.73 2.89 2
4.35 2.99 2
3.38 1.51 2
3.16 3.11 2
2.15 2.31 2
3.7 3.9 2
4.92 2.01 2
5.69 1.98 2
4.55 2.07 2
2.74 4.22 2
3.79 1.52 2
5.11 1.77 2
4.51 2.32 2
3.38 2.5 2
4.24 0.907 2
4.91 1.47 2
3.62 0.386 2
3.26 1.21 2
3.2 1.85 2
4.52 1.43 2
4.5 -0.195 2
3.52 1.76 2
2.49 0.826 2
4.11 0.976 2
3.74 2.02 2
4.08 1.78 2
5.43 1.9 2
4.31 2.16 2
3.17 2.17 2
6.15 1.42 2
3.33 3.09 2
3.51   4 2
4.55 0.704 2
2.63 0.777 2
4.14 1.81 2
3.96 -0.157 2
6.06 1.43 2
5.25 -0.275 2
4.4 1.07 2
2.91 0.688 2
4.52 2.27 2
3.64 1.62 2
3.47 2.34 2
2.14 2.8 2
-0.0682 4.6 3
-2.18 2.57 3
0.175 2.2 3
-1.23 1.42 3
0.3 4.26 3
0.0852 3.87 3
-1.45 2.33 3
0.832 3.96 3
0.152 2.41 3
-0.711 2.44 3
-1.43 2.61 3
-0.68 1.69 3
0.642 2.12 3
-1.79 2.99 3
-1.93 2.63 3
-0.651 2.74 3
-0.558 3.43 3
-0.206 3.71 3
-0.433 3.41 3
-2.02 2.1 3
1.16 3.84 3
-0.261 3.59 3
-0.601 3.24 3
-0.479 5.19 3
-0.44 5.55 3
-0.137 4.43 3
-0.401 1.87 3
-1.45 3.51 3
-1.81 3.94 3
-2.5 3.88 3
-1.99 2.9 3
-1.71 5.5 3
0.581 2.15 3
-0.0483 2.75 3
-0.329 1.93 3
0.359 2.32 3
-0.125 2.63 3
-1.41 2.6 3
-2.13 3.98 3
-0.37 2.94 3
0.602 3.09 3
-2.67   3 3
-2.02 4.45 3
-2.72 4.14 3
-1.85 1.92 3
-2.1 3.53 3
0.67 3.8 3
-1.71 2.52 3
-1.97 1.88 3
-0.311 2.9 3
0.143 2.79 3
-2.26 2.94 3
-1.73 2.9 3
-1.66 2.58 3
-1.4 1.3 3
-1.11 2.14 3
-1.2 2.57 3
-1.09 2.31 3
-0.793 1.48 3
-0.928 2.76 3
-0.987 5.61 3
-0.224 3.4 3
-1.55 2.15 3
-0.793 2.63 3
-0.921 3.78 3
-2.86 3.5 3
-0.698 3.84 3
-1.64 5.02 3
-0.84 1.77 3
-1.52 3.14 3
0.0583 2.43 3
-1.93 2.7 3
-2.01 2.37 3
-1.6 2.37 3
-1.43 2.46 3
-0.455 0.714 3
-1.27 2.54 3
-2.91 1.94 3
0.186 3.11 3
-1.35 3.18 3
-0.99 3.5 3
-1.51 3.03 3
-0.608 2.57 3
-1.28 2.91 3
-1.74 2.45 3
-1.54 3.57 3
1.41 4.16 3
-1.1 2.24 3
-1.43 2.9 3
-1.63 2.48 3
-0.571 2.77 3
-1.33 2.69 3
-0.391 4.65 3
-0.701 3.97 3
-1.17 2.18 3
-1.92 4.26 3
-0.138 3.56 3
-0.263 2.04 3
-1.29 4.07 3
-2.15 1.2 3
0.728 3.23 3
0.318 4.77 3
0.0738 1.67 3
-1.11 2.22 3
0.337 1.8 3
0.205 3.27 3
-0.745 1.3 3
-0.974 2.91 3
-1.54 1.51 3
-1.5   3 3
-2.33 2.99 3
0.748 3.32 3
-0.222 3.15 3
-0.682 1.59 3
-2.71 3.52 3
0.242 3.87 3
-1.15 3.01 3
-0.659 4.7 3
0.107 1.86 3
-0.248 4.65 3
0.498 3.1 3
-2.54 1.75 3
-3.44 2.93 3
-1.76 2.34 3
-0.745 3.13 3
-2.06 4.37 3
-1.43 2.8 3
-1.29 0.687 3
-0.292 3.59 3
-1.5 2.6 3
-1.27 3.27 3
-0.845 2.99 3
-0.554 3.72 3
-1.87 3.8 3
-1.57 2.74 3
-1.97 3.05 3
-2.46 3.09 3
-0.505 3.02 3
-1.09 3.92 3
-0.442 3.63 3
-0.811 2.48 3
0.754 2.9 3
-1.63 3.04 3
-1.24 2.41 3
0.468 3.75 3
0.0587 1.79 3
-3.37 2.98 3
-0.0721 2.13 3
0.581 3.13 3
-0.829 2.81 3
-1.26 1.8 3
-0.667 3.09 3
-2.14 2.4 3
-0.489 3.16 3
-2.32 3.82 3
-1.2 4.05 3
-0.273 3.04 3
-0.533 3.13 3
-3.34 3.33 3
-1.15 3.19 3
-1.62 4.51 3
-1.43 3.08 3
-1.2 4.75 3
-1.71 2.93 3
-1.35 2.69 3
-1.59 1.58 3
-1.42 3.62 3
-0.202 2.92 3
-1.04 3.55 3
-1.61 2.18 3
-1.31 4.61 3
-0.361 3.84 3
-0.333 3.39 3
-0.325 2.61 3
-0.393 3.42 3
-1.42 2.83 3
0.0587 4.26 3
-3.34 1.78 3
-1.37 2.95 3
-0.82 4.42 3
0.0232 5.09 3
-1.17 3.16 3
-1.1 3.46 3
-0.524 3.22 3
0.6 1.74 3
-1.65 2.27 3
-1.07 3.06 3
-0.62 2.46 3
-0.478 3.01 3
-0.777 3.66 3
-0.307 3.86 3
-2.24 1.68 3
-1.17 2.54 3
-1.5 2.73 3
-0.0478 4.35 3
-0.814 3.36 3
-2.28 1.99 3
-0.472 2.4 3
-0.894 2.27 3
-0.49 2.61 3
-1.64 3.94 3
-1.96 3.16 3
-0.318 2.5 3
-0.953 3.64 3
-1.36 3.64 3
-2.21 0.621 3
-1.92 2.77 3
-0.0208 5.24 3
-0.979 3.39 3
-1.29 2.18 3
-2.18 2.67 3
-0.266 4.06 3
-2.23 2.64 3
-0.809 3.6 3
-1.66 2.88 3
-1.01 2.98 3
-1.61 2.7 3
-2.54 2.65 3
-1.95 2.9 3
-2.08 3.76 3
1.58   4 3
-0.103 2.27 3
-1.82 2.9 3
0.535 2.58 3
0.802 2.14 3
-1.49 4.55 3
-1.78 3.16 3
-3.53 2.91 3
-1.3 5.03 3
-1.58 3.28 3
0.677 2.99 3
-1.81 2.8 3
-0.0812 2.75 3
-2.7 1.93 3
-1.46 3.25 3
-1.44 4.85 3
-0.761 0.552 3
-1.08 4.07 3
-2.81 3.83 3
-1.45 4.32 3
-0.847 3.39 3
-2.51 3.22 3
-2.08 3.9 3
0.0484 2.21 3
-0.484 -0.0327 3
0.083 3.14 3
-1.67 2.51 3
-3.05 4.18 3
-1.25 1.25 3
-1.34 1.8 3
-0.668 2.97 3
0.0307 3.31 3
-0.275 3.83 3
0.231 3.46 3
-0.887 3.9 3
-0.968 3.05 3
-0.416 2.98 3
-0.0852 3.81 3
-1.3 2.7 3
-0.158 1.16 3
-1.72 4.95 3
-1.35 3.94 3
-0.674 3.27 3
-0.913 2.63 3
-3.45 3.25 3
0.499 4.01 3
-0.145 4.13 3
-0.277 4.08 3
-1.02 2.05 3
-0.901 3.62 3
-2.07 2.49 3
-0.745 2.34 3
-0.486 1.17 3
-0.485 3.63 3
-1.72 4.27 3
-1.03 0.815 3
-0.887 1.84 3
-1.11 4.92 3
-3.04 2.53 3
-0.4 4.26 3
-0.612 2.39 3
-0.515 4.18 3
-1.49 2.42 3
-0.233 3.56 3
-1.38 1.92 3
-1.97 1.88 3
-1.93 3.87 3
0.271 2.83 3
-1.63 3.17 3
-1.77 3.55 3
-0.184 4.94 3
-2.23 2.15 3
-1.26 1.58 3
-1.28 2.3 3
-1.8 4.33 3
-0.0356 1.91 3
-0.823 3.1 3
-0.23 3.95 3
-1.83 5.28 3
-1.37 3.35 3
-0.12 2.38 3
-2.47 3.29 3
-1.27 3.2 3
-1.03 5.01 3
-0.468 1.44 3
-0.648 4.45 3
-2.14 4.43 3
-2.81 4.09 3
-0.62 3.33 3
-1.44 4.02 3
-0.852 1.16 3
0.0809 2.32 3
-1.06 4.1 3
-0.826 4.33 3
0.184 2.03 3
-0.073 3.75 3
-0.347 2.44 3
-1.83 1.39 3
-1.15 4.66 3
-1.54 2.62 3
-0.586 3.84 3
-0.25 1.18 3
-2.32 3.14 3
-1.28 5.13 3
-0.756 3.14 3
-0.699 4.23 3
-0.932 2.35 3
-2.72 3.98 3
-1.3 2.67 3
-0.242 3.74 3
0.963 2.89 3
-0.25 3.37 3
-2.56 3.61 3
-0.6 2.22 3
0.0277 3.14 3
-0.449 2.43 3
-1.95 3.93 3
-1.53 3.08 3
-0.645 3.28 3
0.318 3.77 3
-1.08 3.81 3
-1.01 3.42 3
0.142 3.75 3
0.146 2.24 3
-0.64 5.06 3
-2.15 4.72 3
-1.52 5.49 3
-0.373 1.39 3
-0.0437 3.25 3
-0.462 2.68 3
-1.44 2.24 3
-0.755 4.45 3
-2.36 3.34 3
-0.178 0.956 3
-1.58 3.71 3
0.762 1.97 3
-1.43 4.54 3
-1.36 1.71 3
-1.45 3.32 3
  1 2.88 3
-0.515 2.8 3
-2.54 3.59 3
-2.3 2.06 3
0.0916 3.08 3
-0.736 4.98 3
-0.334 3.7 3
-2.18 2.46 3
-1.69 2.63 3
-0.665 3.99 3
-2.76 2.83 3
-0.991 4.52 3
-0.552 3.75 3
-1.98 2.7 3
-1.34 3.97 3
0.158 1.5 3
0.454 4.38 3
-2.05 2.68 3
-0.617 3.37 3
-0.854 2.44 3
-2.1 3.29 3
-0.0654 4.79 3
-1.52 2.56 3
-0.382 3.25 3
-2.24 2.22 3
-1.02 2.84 3
-0.311 3.21 3
-0.515 3.1 3
-1.5 4.23 3
-0.46 4.29 3
-1.74 3.94 3
-2.12 2.94 3
-0.685 2.83 3
-0.262 4.45 3
-0.579 2.22 3
-1.97 3.39 3
-0.404 2.55 3
-0.848 4.01 3
-0.971 3.47 3
-1.29 2.88 3
-1.26 4.16 3
0.00496 3.98 3
-1.54 3.26 3
-1.76 0.859 3
-0.828 2.25 3
-0.494 1.84 3
-1.18 2.95 3
0.595 2.28 3
-0.0891 0.601 3
0.179 2.64 3
0.149 1.44 3
-1.25 2.69 3
-3.77 3.14 3
0.257 4.69 3
-1.51 1.66 3
0.956 2.84 3
-0.714 4.36 3
-2.12 2.8 3
-2.31 4.42 3
-1.55   3 3
-1.14 1.99 3
-0.491 2.45 3
-1.93 4.11 3
0.409 2.56 3
-0.091 4.46 3
-1.39 2.39 3
-3.09 2.64 3
-1.07 3.16 3
-0.736 3.86 3
-0.188 4.15 3
-1.52 2.54 3
-1.79 4.43 3
-0.309 2.49 3
-0.1 4.12 3
-1.46 2.5 3
-0.536 2.85 3
-1.13 0.791 3
-0.904 3.16 3
-0.947 2.67 3
-1.91 3.6 3
-1.95 4.26 3
-0.86 3.3 3
-0.608 2.59 3
-2.24 4.5 3
-0.382 1.39 3
-1.85 2.44 3
0.169 4.14 3
-1.23 2.24 3
-1.57 3.84 3
-0.0622 2.12 3
-1.21 2.77 3
-0.966 2.36 3
-2.87 2.27 3
-2.48 2.53 3
-0.558 3.74 3
-1.78 1.27 3
-0.763 3.22 3
-0.568 1.57 3
-2.83 2.69 3
-0.278 2.91 3
-0.41 4.21 3
-1.48 1.89 3
-0.194 2.74 3
-2.17 4.11 3
0.301 1.8 3
-1.2 1.18 3
-2.91 3.54 3
-2.41 2.54 3
-1.62 4.68 3
-0.631 1.98 3
-2.19 3.03 3
-1.36 3.37 3
-0.209   3 3
-1.61 2.84 3
-1.83 1.91 3
0.167 2.45 3
-1.52 3.7 3
-0.805 4.1 3
-0.733 3.15 3
-0.707 3.36 3
-1.4 3.56 3
-1.48 5.01 3
-1.97 2.42 3
0.642 2.91 3
-1.09 1.78 3
-2.18 2.09 3
0.149 3.14 3
-0.405 3.49 3
-2.03 3.55 3
-2.62 3.44 3
-0.582 2.04 3
-0.714 3.61 3
-0.785 2.51 3
-3.16 2.69 3
-0.45 0.718 3
-0.526 1.94 3
0.182 1.15 3
-0.727 2.65 3
-1.86 2.07 3
-1.88 2.55 3
-2.42 3.26 3
