0.61 3.76 1
2.75 3.23 1
2.92 3.14 1
1.82 3.61 1
1.8 5.28 1
1.83 5.25 1
2.6 4.24 1
2.09 4.21 1
1.25 3.24 1
1.2 2.98 1
1.51 3.33 1
1.4 5.11 1
1.56 4.95 1
2.15 4.84 1
1.39 3.62 1
2.86 4.99 1
1.7 4.04 1
2.38 2.88 1
1.59 5.07 1
2.67 3.32 1
0.718 3.41 1
0.468 3.41 1
1.26 5.16 1
4.24 2.77 1
3.67 4.31 1
2.72 4.17 1
1.81 4.69 1
1.53 4.6 1
1.75 5.02 1
2.25 5.05 1
3.5 3.62 1
2.66 5.08 1
3.43 4.11 1
0.833 5.23 1
-0.212 5.36 1
1.64 4.91 1
0.755 3.66 1
2.24 4.25 1
0.63 4.07 1
2.44 4.22 1
1.5 3.35 1
2.31 4.08 1
1.83 3.99 1
3.39 5.35 1
0.896 4.22 1
1.68 2.26 1
0.546 3.1 1
0.359 4.26 1
3.31 2.83 1
1.66 3.67 1
2.07 5.11 1
1.36 4.61 1
2.31 3.61 1
1.81 4.74 1
2.15 3.41 1
1.08 3.07 1
1.66 4.71 1
3.49 4.99 1
2.75 2.1 1
2.2 4.74 1
1.13 2.46 1
2.24 4.38 1
-0.126 5.66 1
2.99 4.23 1
1.72 4.86 1
2.04 3.4 1
4.13 3.05 1
2.57 2.43 1
3.14 4.88 1
2.98 3.53 1
1.65 4.96 1
1.94 4.1 1
2.04 2.86 1
1.63 4.84 1
1.77 4.46 1
0.126 4.08 1
2.06 3.16 1
1.85 2.67 1
0.385 5.02 1
1.43 4.77 1
0.662 6.14 1
2.18 5.1 1
0.947 3.86 1
2.41 2.43 1
1.84 3.57 1
2.5 5.99 1
2.73 4.44 1
0.897 4.44 1
1.83 5.68 1
0.301 3.13 1
1.12 3.52 1
2.01 2.84 1
1.42 5.2 1
2.85 5.81 1
0.775 5.12 1
1.33 2.66 1
3.53 4.75 1
2.78 3.53 1
0.0908 4.2 1
1.93 3.43 1
2.1 4.86 1
0.821 3.02 1
3.91 4.39 1
1.31 5.65 1
2.77 2.97 1
3.02 5.36 1
2.52 2.68 1
2.18 2.71 1
2.57 4.82 1
0.985 3.6 1
0.977 5.7 1
1.68 4.56 1
-0.288 4.97 1
1.6 3.06 1
4.44 3.34 1
2.34 6.09 1
2.29 4.62 1
1.8 2.5 1
1.9 2.5 1
1.28 2.3 1
3.37 3.74 1
1.63 6.65 1
2.32 2.16 1
1.1 4.14 1
1.12 5.92 1
1.39 4.98 1
1.34 6.19 1
0.508 2.25 1
1.94 3.92 1
0.54 3.33 1
2.08 3.47 1
2.5 5.29 1
2.7 3.41 1
2.9 4.29 1
3.75 5.2 1
1.16 4.53 1
1.15 5.41 1
3.15 3.38 1
3.42 4.92 1
1.55 2.49 1
1.32 4.52 1
1.49 4.42 1
0.545 3.6 1
2.25 4.61 1
2.66 1.63 1
4.32 5.83 1
1.63 3.06 1
1.84 4.43 1
2.37 4.61 1
2.28 2.37 1
4.27 3.53 1
2.34 2.35 1
4.02 4.78 1
2.88 4.08 1
3.48 5.21 1
1.02 3.01 1
3.54 4.89 1
1.12 4.25 1
3.33 3.85 1
0.833 5.12 1
4.75 2.48 1
2.7 3.44 1
2.24 3.59 1
1.84 3.11 1
2.07 3.5 1
2.13 6.27 1
2.13 4.56 1
2.33 4.27 1
0.939 4.19 1
1.58 3.74 1
2.46 4.11 1
2.05 4.69 1
1.61 3.87 1
2.71 2.52 1
2.91 4.63 1
1.67 2.54 1
1.01 4.26 1
3.06 4.73 1
1.74 3.52 1
1.4 4.47 1
3.76 5.74 1
3.08 4.11 1
1.09 3.87 1
3.74 5.24 1
0.318 3.4 1
2.59 5.66 1
3.05 5.9 1
1.75 4.22 1
0.388 4.61 1
1.36   3 1
1.44 3.92 1
2.65 5.74 1
1.96 4.3 1
2.02 3.85 1
2.96 5.86 1
1.35 3.57 1
1.19 3.94 1
1.72 3.98 1
0.66 5.53 1
0.82 4.71 1
3.57 3.6 2
4.75 4.32 2
3.5 3.35 2
5.87 2.34 2
1.75 3.03 2
4.42 2.1 2
5.11 1.87 2
4.03 1.42 2
2.81 2.72 2
4.94 2.32 2
3.48 0.907 2
4.74 2.56 2
3.74 2.97 2
4.6   2 2
3.81 2.13 2
4.9 2.43 2
3.39 1.24 2
6.39 1.25 2
5.28 3.44 2
4.77 3.01 2
3.35 3.21 2
4.78 1.35 2
3.68 3.05 2
5.75 2.95 2
4.75 2.88 2
5.39 1.76 2
3.82 2.12 2
3.52 4.11 2
4.26 2.49 2
3.57 0.472 2
3.29 1.83 2
5.33 0.038 2
  3 2.73 2
4.24 1.17 2
5.64 1.9 2
2.86 2.43 2
5.16 2.3 2
3.91 0.568 2
3.06 1.32 2
2.82 0.987 2
4.61 1.48 2
6.93 3.96 2
4.74 2.28 2
3.59 0.524 2
6.09 2.7 2
3.3 1.65 2
3.67 2.89 2
4.92 1.62 2
1.83 2.06 2
2.96 3.25 2
4.17 2.33 2
4.42 3.36 2
3.03 1.81 2
4.22 1.86 2
4.14 2.42 2
4.04 1.59 2
4.9 2.36 2
3.66 2.57 2
4.37 1.62 2
3.44 1.01 2
2.91 1.56 2
4.4 1.71 2
0.0843 2.65 2
3.53 2.03 2
3.4 2.95 2
4.41 1.25 2
4.33 2.45 2
5.09 2.83 2
3.46 2.57 2
4.07 1.24 2
3.6 2.54 2
5.74 1.41 2
3.87 2.01 2
3.1 1.5 2
5.63 2.95 2
2.21 0.213 2
3.35 2.19 2
3.06 1.85 2
3.35 0.943 2
3.4 2.12 2
5.43 1.61 2
4.28 3.05 2
6.6 0.0564 2
3.48 2.26 2
3.92 2.54 2
3.96 -0.12 2
5.22 2.83 2
4.23 3.28 2
3.94 2.76 2
3.84 3.68 2
5.34 2.64 2
4.44 0.000126 2
3.72 0.939 2
4.11 3.36 2
6.22 1.73 2
5.52 0.907 2
3.62 -0.12 2
3.72 0.794 2
4.51 1.3 2
3.1 2.58 2
3.75 2.62 2
2.9 3.66 2
2.13 3.01 2
3.58 1.24 2
3.88 2.1 2
4.53 2.38 2
3.9 2.54 2
2.25 0.782 2
4.61 1.26 2
3.25 1.64 2
2.75 1.89 2
5.32 3.77 2
4.47 2.39 2
4.05   1 2
4.17 2.11 2
5.7 2.02 2
3.48 1.86 2
3.42 3.43 2
2.36 3.97 2
5.09 2.14 2
4.54 2.29 2
4.46 0.783 2
2.99 3.03 2
3.62 1.15 2
4.21 2.25 2
4.55 2.28 2
3.62 1.85 2
2.09 2.49 2
3.04 2.07 2
4.23 4.17 2
3.81 3.51 2
5.56 4.18 2
2.2 2.98 2
2.55 2.11 2
4.29 2.2 2
2.68 2.2 2
5.1 2.92 2
4.64 1.69 2
3.8 2.32 2
2.69 1.2 2
4.12 3.02 2
4.7 1.51 2
4.35 0.672 2
3.63 1.72 2
3.82 1.47 2
5.27 1.14 2
5.01 1.42 2
4.56 2.64 2
2.66 1.93 2
1.39 0.423 2
3.1 3.45 2
3.06 2.22 2
3.54 2.76 2
3.38 0.864 2
4.62 1.84 2
3.32 3.15 2
5.67 0.875 2
3.88 2.43 2
4.06 3.63 2
2.01 1.29 2
3.13 -0.0673 2
1.51 -0.0207 2
3.58 1.91 2
4.69 3.4 2
5.38 1.67 2
2.37 1.78 2
1.91 0.295 2
4.38 2.33 2
4.14 2.14 2
3.02 2.68 2
4.61 1.29 2
3.87 3.47 2
4.4 1.85 2
3.58 0.32 2
3.14 1.79 2
4.96 3.4 2
5.1 2.48 2
5.44 0.179 2
3.55 3.78 2
3.5 2.57 2
4.34 2.08 2
3.4 1.97 2
4.4 1.8 2
3.27 1.75 2
3.8 0.987 2
2.59 3.16 2
2.07 1.9 2
4.17   3 2
3.69 2.62 2
3.2 2.12 2
3.9 2.44 2
3.64 1.1 2
5.3 2.52 2
3.59 3.66 2
5.24 3.23 2
3.24 2.34 2
3.13 2.49 2
2.13 1.98 2
4.4 1.01 2
4.37 1.29 2
