2.05 2.38 1
1.82 3.51 1
3.77 3.03 1
-0.509 3.53 1
1.54 3.33 1
4.43 4.48 1
1.53 2.96 1
1.44 3.18 1
0.774 4.1 1
2.79 5.08 1
-0.11 2.15 1
1.2 5.8 1
2.57 3.12 1
  2 4.65 1
2.62 5.05 1
2.13 5.32 1
2.68 3.48 1
0.713 4.02 1
2.22 3.84 1
0.433 3.39 1
2.78 4.27 1
1.69 4.36 1
2.66 3.65 1
1.46 4.13 1
2.33 6.67 1
3.05 3.99 1
0.0203 4.71 1
0.133 3.54 1
0.168 3.47 1
2.85 3.65 1
2.41 4.56 1
1.3 3.2 1
3.5 2.15 1
2.14 4.05 1
0.413 3.56 1
0.981 4.28 1
0.615 4.08 1
2.95 4.73 1
1.4 4.9 1
0.828 2.67 1
1.42 2.48 1
1.16 4.5 1
2.85 4.31 1
2.48 3.06 1
2.3 5.24 1
2.42 4.03 1
2.04 4.12 1
1.05 4.27 1
2.54 4.75 1
1.18 5.52 1
0.928 3.74 1
0.926 2.27 1
2.87 5.01 1
2.98 3.07 1
0.241 5.24 1
1.85 3.41 1
2.25 5.49 1
1.39 3.19 1
2.76 2.89 1
2.25 4.96 1
1.85 2.64 1
1.44 4.68 1
2.68 4.44 1
2.85 3.86 1
2.47 3.66 1
1.76 6.06 1
2.92 3.63 1
1.09 3.81 1
2.14 3.06 1
3.4 3.19 1
1.81 3.42 1
1.16 5.71 1
3.94 3.61 1
1.75 3.31 1
2.44 3.55 1
1.2 4.71 1
2.29 2.68 1
2.47 4.63 1
  2 2.67 1
2.33 3.87 1
3.2 2.17 1
0.596 4.54 1
2.21 4.69 1
0.0088 3.31 1
2.03 4.32 1
3.93 4.16 1
2.94 5.16 1
1.99 4.13 1
1.66 5.04 1
2.53 3.88 1
3.06 3.35 1
2.01 3.96 1
3.61 3.8 1
1.18 4.88 1
0.00224 3.94 1
1.25 3.16 1
1.8 3.85 1
1.63 5.19 1
1.15 3.59 1
3.34 3.34 1
6.98 1.09 2
6.1 2.05 2
5.64 3.08 2
5.26 2.31 2
4.52 2.3 2
6.15 1.8 2
5.68 1.85 2
6.32 1.9 2
4.54 -0.799 2
7.32 2.39 2
6.49 2.99 2
4.43 0.702 2
7.06 0.478 2
5.41 2.62 2
6.3 0.492 2
6.22 0.321 2
5.12 2.79 2
3.14 1.35 2
6.54 3.24 2
5.66 0.708 2
5.4 1.39 2
6.42 2.24 2
5.31 2.55 2
6.67 2.47 2
6.15 2.19 2
5.01 1.77 2
6.84 1.42 2
6.47 2.48 2
7.25 1.61 2
5.11 2.42 2
5.1 3.09 2
6.31 -0.249 2
6.67 3.8 2
6.83 1.37 2
6.01 3.32 2
5.76 3.55 2
6.65 0.531 2
7.96 2.18 2
6.88 5.47 2
6.08 1.79 2
5.43 2.49 2
6.5 2.33 2
5.52 3.27 2
6.24 3.09 2
6.78 1.05 2
6.92 1.56 2
6.59 2.34 2
7.38 1.94 2
7.85 4.53 2
4.1 2.44 2
4.22 2.44 2
5.08 1.16 2
  4 0.692 2
5.64 2.79 2
5.66 1.8 2
6.25 2.65 2
6.29 1.17 2
5.31 2.9 2
5.19 0.187 2
6.79 3.57 2
5.62 2.85 2
4.63 2.11 2
6.01 0.839 2
6.2 1.6 2
5.59 2.25 2
6.66 3.21 2
6.23 0.966 2
5.79 3.3 2
5.96 4.77 2
6.46 1.5 2
5.56 2.47 2
4.95 1.34 2
5.84 0.283 2
6.13 3.47 2
6.51 2.69 2
5.97 1.49 2
5.54 2.11 2
6.6 1.77 2
5.89 0.538 2
6.81 -0.882 2
5.91 1.95 2
5.99 1.54 2
5.91 1.42 2
5.08 1.15 2
5.07 0.183 2
5.04 1.48 2
7.78 2.16 2
5.8 0.938 2
6.94 2.45 2
6.35 1.73 2
7.86 1.9 2
6.93 0.571 2
4.77 1.24 2
5.67 2.41 2
6.89 1.21 2
6.29 2.16 2
8.27 3.98 2
5.95 2.8 2
4.45 3.04 2
6.44 4.36 2
