1.54 0.581 1
-0.541 1.27 1
0.797 3.15 1
0.5 2.6 1
1.38 0.719 1
1.41 -0.203 1
1.41 1.43 1
0.636 2.21 1
0.401 2.94 1
0.41 2.09 1
1.85 0.878 1
-0.853 2.31 1
0.793 0.828 1
1.27 1.04 1
0.347 1.35 1
1.48 0.771 1
0.929 1.73 1
0.0617 1.1 1
1.16 1.71 1
0.732 1.54 1
0.59 1.59 1
0.289 1.5 1
1.06 3.23 1
-0.846 2.61 1
0.602 2.06 1
0.456 0.533 1
0.0881 0.374 1
1.65 0.0352 1
0.266 4.61 1
1.54 2.97 1
1.98 2.26 1
0.843 1.03 1
1.28 0.854 1
1.64 2.55 1
0.919 3.57 1
1.54 0.307 1
-0.263 1.55 1
2.11 1.92 1
0.0104 0.008 1
-0.829 2.84 1
2.38 1.59 1
0.937 3.91 1
1.45 1.61 1
0.637 2.41 1
-0.0206 0.858 1
-2.07 1.38 1
1.63 0.831 1
0.713 2.39 1
0.803 3.3 1
1.41 1.41 1
5.44 4.75 2
4.5 4.81 2
5.1 3.97 2
6.2 4.68 2
5.12 5.77 2
3.96 6.74 2
4.14 3.84 2
4.83 7.38 2
4.81 6.53 2
4.13 5.17 2
5.18 4.7 2
6.27 4.3 2
4.75 5.83 2
4.8 4.31 2
2.8 4.54 2
4.23 5.88 2
3.61 5.44 2
4.61 5.9 2
5.53 5.5 2
6.52 4.6 2
6.8 4.49 2
4.88 5.8 2
4.68 4.33 2
5.82 6.19 2
5.49 5.79 2
5.77 5.29 2
5.78   5 2
3.52 5.37 2
5.54 8.53 2
4.91 4.89 2
4.24 3.44 2
4.31 6.92 2
6.28 5.61 2
4.19 4.35 2
3.76 7.62 2
5.21 5.55 2
7.01 5.29 2
5.03 4.22 2
5.31 3.94 2
4.06 3.23 2
6.67 4.58 2
5.12 3.95 2
5.53 5.65 2
4.05 4.68 2
5.85 6.77 2
5.39 6.51 2
3.84 5.16 2
5.04 4.72 2
4.55 6.15 2
5.11 3.85 2
